"tick","Imitating","Inquiring","Optimising","Repeating"
1.0,0.0,0.0,0.0,740.0
2.0,0.0,0.0,0.0,740.0
3.0,0.0,0.0,0.0,740.0
4.0,0.0,0.0,0.0,740.0
5.0,0.0,0.0,0.0,740.0
6.0,0.0,0.0,0.0,740.0
7.0,0.0,0.0,0.0,740.0
8.0,0.0,0.0,0.0,740.0
9.0,0.0,0.0,0.0,740.0
10.0,0.0,0.0,0.0,740.0
11.0,0.0,0.0,0.0,740.0
12.0,0.0,0.0,0.0,740.0
13.0,0.0,0.0,0.0,740.0
14.0,0.0,0.0,0.0,740.0
15.0,0.0,0.0,0.0,740.0
16.0,0.0,0.0,0.0,740.0
17.0,0.0,0.0,0.0,740.0
18.0,0.0,0.0,0.0,740.0
19.0,0.0,0.0,0.0,740.0
20.0,0.0,0.0,0.0,740.0
21.0,0.0,0.0,0.0,740.0
22.0,0.0,0.0,0.0,740.0
23.0,0.0,0.0,0.0,740.0
24.0,0.0,0.0,0.0,740.0
25.0,0.0,0.0,0.0,740.0
26.0,6.0,3.0,173.0,558.0
27.0,4.0,4.0,179.0,553.0
28.0,3.0,3.0,155.0,579.0
29.0,4.0,4.0,203.0,529.0
30.0,9.0,2.0,155.0,574.0
31.0,11.0,1.0,179.0,549.0
32.0,6.0,5.0,158.0,571.0
33.0,7.0,4.0,178.0,551.0
34.0,1.0,3.0,169.0,567.0
35.0,6.0,2.0,177.0,555.0
36.0,4.0,5.0,177.0,554.0
37.0,8.0,1.0,153.0,578.0
38.0,8.0,2.0,158.0,572.0
39.0,10.0,4.0,164.0,562.0
40.0,9.0,3.0,156.0,572.0
41.0,7.0,4.0,165.0,564.0
42.0,8.0,5.0,188.0,539.0
43.0,5.0,1.0,152.0,582.0
44.0,7.0,2.0,167.0,564.0
45.0,8.0,1.0,156.0,575.0
46.0,11.0,5.0,161.0,563.0
47.0,8.0,5.0,179.0,548.0
48.0,7.0,4.0,147.0,582.0
49.0,10.0,2.0,171.0,557.0
50.0,8.0,1.0,155.0,576.0
51.0,9.0,5.0,170.0,556.0
52.0,4.0,3.0,151.0,582.0
53.0,3.0,5.0,161.0,571.0
54.0,7.0,4.0,150.0,579.0
55.0,11.0,3.0,149.0,577.0
56.0,14.0,3.0,155.0,568.0
57.0,9.0,2.0,153.0,576.0
58.0,10.0,2.0,156.0,572.0
59.0,9.0,1.0,134.0,596.0
60.0,14.0,4.0,146.0,576.0
61.0,13.0,5.0,164.0,558.0
62.0,10.0,4.0,141.0,585.0
63.0,12.0,2.0,131.0,595.0
64.0,14.0,1.0,138.0,587.0
65.0,14.0,1.0,157.0,568.0
66.0,9.0,3.0,160.0,568.0
67.0,14.0,1.0,137.0,588.0
68.0,13.0,3.0,155.0,569.0
69.0,13.0,4.0,134.0,589.0
70.0,17.0,2.0,131.0,590.0
71.0,17.0,2.0,141.0,580.0
72.0,17.0,1.0,153.0,569.0
73.0,14.0,3.0,140.0,583.0
74.0,18.0,4.0,142.0,576.0
75.0,17.0,5.0,151.0,567.0
76.0,23.0,1.0,133.0,583.0
77.0,19.0,2.0,134.0,585.0
78.0,19.0,3.0,155.0,563.0
79.0,17.0,2.0,130.0,591.0
80.0,17.0,1.0,138.0,584.0
81.0,24.0,3.0,122.0,591.0
82.0,23.0,0.0,139.0,578.0
83.0,19.0,4.0,135.0,582.0
84.0,25.0,3.0,123.0,589.0
85.0,20.0,3.0,120.0,597.0
86.0,23.0,4.0,137.0,576.0
87.0,20.0,3.0,117.0,600.0
88.0,25.0,2.0,151.0,562.0
89.0,22.0,3.0,124.0,591.0
90.0,24.0,3.0,151.0,562.0
91.0,28.0,3.0,104.0,605.0
92.0,27.0,3.0,122.0,588.0
93.0,22.0,2.0,135.0,581.0
94.0,28.0,1.0,143.0,568.0
95.0,25.0,0.0,113.0,602.0
96.0,26.0,1.0,127.0,586.0
97.0,25.0,3.0,108.0,604.0
98.0,26.0,1.0,119.0,594.0
99.0,26.0,0.0,118.0,596.0
100.0,23.0,3.0,108.0,606.0
101.0,26.0,1.0,119.0,594.0
102.0,26.0,2.0,127.0,585.0
103.0,24.0,4.0,103.0,609.0
104.0,26.0,0.0,118.0,596.0
105.0,26.0,2.0,123.0,589.0
106.0,27.0,1.0,118.0,594.0
107.0,28.0,3.0,118.0,591.0
108.0,28.0,1.0,113.0,598.0
109.0,27.0,2.0,107.0,604.0
110.0,27.0,2.0,115.0,596.0
111.0,30.0,1.0,136.0,573.0
112.0,30.0,0.0,102.0,608.0
113.0,29.0,1.0,119.0,591.0
114.0,28.0,2.0,103.0,607.0
115.0,29.0,2.0,119.0,590.0
116.0,30.0,1.0,124.0,585.0
117.0,31.0,1.0,98.0,610.0
118.0,33.0,1.0,108.0,598.0
119.0,34.0,3.0,109.0,594.0
120.0,32.0,2.0,102.0,604.0
121.0,31.0,2.0,115.0,592.0
122.0,31.0,1.0,114.0,594.0
123.0,36.0,3.0,96.0,605.0
124.0,31.0,3.0,95.0,611.0
125.0,33.0,6.0,92.0,609.0
126.0,35.0,5.0,96.0,604.0
127.0,33.0,0.0,93.0,614.0
128.0,32.0,1.0,90.0,617.0
129.0,32.0,1.0,96.0,611.0
130.0,34.0,3.0,103.0,600.0
131.0,38.0,3.0,99.0,600.0
132.0,33.0,2.0,110.0,595.0
133.0,33.0,2.0,83.0,622.0
134.0,33.0,2.0,101.0,604.0
135.0,34.0,1.0,89.0,616.0
136.0,35.0,4.0,91.0,610.0
137.0,36.0,2.0,95.0,607.0
138.0,37.0,0.0,103.0,600.0
139.0,38.0,1.0,82.0,619.0
140.0,35.0,1.0,104.0,600.0
141.0,36.0,1.0,116.0,587.0
142.0,36.0,1.0,91.0,612.0
143.0,36.0,0.0,106.0,598.0
144.0,38.0,0.0,102.0,600.0
145.0,37.0,0.0,87.0,616.0
146.0,37.0,1.0,88.0,614.0
147.0,37.0,0.0,92.0,611.0
148.0,39.0,1.0,91.0,609.0
149.0,40.0,1.0,85.0,614.0
150.0,41.0,1.0,87.0,611.0
151.0,42.0,1.0,84.0,613.0
152.0,39.0,2.0,92.0,607.0
153.0,41.0,0.0,83.0,616.0
154.0,43.0,0.0,88.0,609.0
155.0,42.0,1.0,82.0,615.0
156.0,42.0,1.0,89.0,608.0
157.0,46.0,2.0,94.0,598.0
158.0,46.0,1.0,77.0,616.0
159.0,44.0,0.0,79.0,617.0
160.0,43.0,1.0,71.0,625.0
161.0,43.0,0.0,113.0,584.0
162.0,44.0,0.0,68.0,628.0
163.0,45.0,2.0,83.0,610.0
164.0,43.0,2.0,82.0,613.0
165.0,45.0,0.0,76.0,619.0
166.0,48.0,3.0,85.0,604.0
167.0,47.0,0.0,83.0,610.0
168.0,49.0,1.0,92.0,598.0
169.0,51.0,1.0,87.0,601.0
170.0,52.0,1.0,65.0,622.0
171.0,49.0,0.0,85.0,606.0
172.0,50.0,2.0,61.0,627.0
173.0,50.0,3.0,96.0,591.0
174.0,54.0,1.0,70.0,615.0
175.0,54.0,2.0,92.0,592.0
176.0,53.0,0.0,67.0,620.0
177.0,55.0,0.0,75.0,610.0
178.0,54.0,0.0,75.0,611.0
179.0,55.0,1.0,76.0,608.0
180.0,56.0,1.0,72.0,611.0
181.0,55.0,0.0,62.0,623.0
182.0,55.0,0.0,70.0,615.0
183.0,55.0,0.0,75.0,610.0
184.0,56.0,0.0,65.0,619.0
185.0,55.0,0.0,75.0,610.0
186.0,57.0,0.0,71.0,612.0
187.0,56.0,1.0,66.0,617.0
188.0,57.0,0.0,66.0,617.0
189.0,56.0,1.0,72.0,611.0
190.0,57.0,1.0,63.0,619.0
191.0,57.0,0.0,73.0,610.0
192.0,57.0,0.0,69.0,614.0
193.0,59.0,0.0,77.0,604.0
194.0,59.0,1.0,68.0,612.0
195.0,61.0,0.0,70.0,609.0
196.0,62.0,0.0,65.0,613.0
197.0,61.0,0.0,69.0,610.0
198.0,62.0,0.0,67.0,611.0
199.0,62.0,0.0,69.0,609.0
200.0,62.0,0.0,65.0,613.0
201.0,61.0,0.0,77.0,602.0
202.0,63.0,1.0,58.0,618.0
203.0,61.0,0.0,69.0,610.0
204.0,61.0,0.0,64.0,615.0
205.0,62.0,1.0,63.0,614.0
206.0,62.0,1.0,68.0,609.0
207.0,61.0,0.0,71.0,608.0
208.0,61.0,0.0,65.0,614.0
209.0,61.0,1.0,62.0,616.0
210.0,61.0,0.0,51.0,628.0
211.0,63.0,0.0,56.0,621.0
212.0,62.0,0.0,80.0,598.0
213.0,64.0,0.0,59.0,617.0
214.0,64.0,0.0,62.0,614.0
215.0,64.0,0.0,68.0,608.0
216.0,64.0,0.0,49.0,627.0
217.0,64.0,0.0,48.0,628.0
218.0,63.0,0.0,46.0,631.0
219.0,64.0,1.0,63.0,612.0
220.0,64.0,1.0,68.0,607.0
221.0,64.0,0.0,48.0,628.0
222.0,64.0,1.0,52.0,623.0
223.0,64.0,0.0,42.0,634.0
224.0,64.0,0.0,72.0,604.0
225.0,64.0,0.0,52.0,624.0
226.0,64.0,0.0,56.0,620.0
227.0,65.0,0.0,51.0,624.0
228.0,64.0,0.0,58.0,618.0
229.0,64.0,2.0,47.0,627.0
230.0,64.0,0.0,67.0,609.0
231.0,65.0,1.0,54.0,620.0
232.0,64.0,1.0,68.0,607.0
233.0,65.0,1.0,44.0,630.0
234.0,67.0,0.0,46.0,627.0
235.0,66.0,1.0,63.0,610.0
236.0,66.0,0.0,47.0,627.0
237.0,66.0,0.0,61.0,613.0
238.0,66.0,0.0,59.0,615.0
239.0,66.0,0.0,53.0,621.0
240.0,67.0,1.0,61.0,611.0
241.0,67.0,0.0,54.0,619.0
242.0,67.0,0.0,64.0,609.0
243.0,68.0,0.0,52.0,620.0
244.0,68.0,0.0,61.0,611.0
245.0,68.0,0.0,51.0,621.0
246.0,68.0,0.0,59.0,613.0
247.0,68.0,0.0,47.0,625.0
248.0,68.0,0.0,52.0,620.0
249.0,69.0,0.0,56.0,615.0
250.0,68.0,0.0,43.0,629.0
251.0,69.0,0.0,49.0,622.0
252.0,69.0,2.0,49.0,620.0
253.0,70.0,2.0,52.0,616.0
254.0,70.0,1.0,41.0,628.0
255.0,69.0,0.0,53.0,618.0
256.0,70.0,0.0,42.0,628.0
257.0,70.0,1.0,58.0,611.0
258.0,69.0,0.0,44.0,627.0
259.0,69.0,0.0,42.0,629.0
260.0,70.0,0.0,50.0,620.0
261.0,70.0,1.0,48.0,621.0
262.0,70.0,0.0,44.0,626.0
263.0,71.0,0.0,42.0,627.0
264.0,70.0,1.0,42.0,627.0
265.0,72.0,0.0,44.0,624.0
266.0,73.0,1.0,54.0,612.0
267.0,72.0,0.0,33.0,635.0
268.0,72.0,0.0,49.0,619.0
269.0,72.0,0.0,49.0,619.0
270.0,73.0,2.0,44.0,621.0
271.0,73.0,1.0,46.0,620.0
272.0,73.0,0.0,45.0,622.0
273.0,73.0,0.0,44.0,623.0
274.0,73.0,0.0,42.0,625.0
275.0,74.0,0.0,37.0,629.0
276.0,74.0,0.0,38.0,628.0
277.0,74.0,0.0,42.0,624.0
278.0,74.0,0.0,40.0,626.0
279.0,75.0,1.0,36.0,628.0
280.0,75.0,0.0,45.0,620.0
281.0,75.0,0.0,32.0,633.0
282.0,75.0,0.0,37.0,628.0
283.0,75.0,0.0,49.0,616.0
284.0,75.0,0.0,41.0,624.0
285.0,76.0,0.0,36.0,628.0
286.0,77.0,0.0,36.0,627.0
287.0,77.0,0.0,41.0,622.0
288.0,78.0,0.0,30.0,632.0
289.0,79.0,0.0,23.0,638.0
290.0,79.0,0.0,49.0,612.0
291.0,78.0,1.0,39.0,622.0
292.0,78.0,0.0,35.0,627.0
293.0,79.0,1.0,33.0,627.0
294.0,79.0,0.0,40.0,621.0
295.0,79.0,0.0,32.0,629.0
296.0,80.0,1.0,34.0,625.0
297.0,79.0,0.0,37.0,624.0
298.0,79.0,0.0,36.0,625.0
299.0,79.0,0.0,37.0,624.0
300.0,79.0,1.0,42.0,618.0
301.0,79.0,0.0,40.0,621.0
302.0,79.0,0.0,40.0,621.0
303.0,80.0,0.0,28.0,632.0
304.0,79.0,0.0,38.0,623.0
305.0,79.0,0.0,29.0,632.0
306.0,80.0,0.0,37.0,623.0
307.0,79.0,0.0,41.0,620.0
308.0,79.0,0.0,33.0,628.0
309.0,80.0,0.0,31.0,629.0
310.0,81.0,0.0,34.0,625.0
311.0,81.0,0.0,33.0,626.0
312.0,81.0,0.0,39.0,620.0
313.0,81.0,0.0,34.0,625.0
314.0,81.0,0.0,41.0,618.0
315.0,81.0,0.0,32.0,627.0
316.0,81.0,0.0,29.0,630.0
317.0,81.0,0.0,40.0,619.0
318.0,82.0,0.0,36.0,622.0
319.0,82.0,0.0,33.0,625.0
320.0,83.0,0.0,40.0,617.0
321.0,82.0,1.0,31.0,626.0
322.0,82.0,0.0,26.0,632.0
323.0,82.0,0.0,28.0,630.0
324.0,82.0,0.0,41.0,617.0
325.0,82.0,0.0,29.0,629.0
326.0,82.0,0.0,26.0,632.0
327.0,83.0,0.0,29.0,628.0
328.0,82.0,0.0,41.0,617.0
329.0,83.0,0.0,37.0,620.0
330.0,84.0,0.0,36.0,620.0
331.0,83.0,0.0,39.0,618.0
332.0,83.0,0.0,29.0,628.0
333.0,83.0,0.0,42.0,615.0
334.0,83.0,0.0,32.0,625.0
335.0,83.0,0.0,38.0,619.0
336.0,83.0,0.0,28.0,629.0
337.0,83.0,1.0,34.0,622.0
338.0,83.0,0.0,37.0,620.0
339.0,83.0,0.0,33.0,624.0
340.0,84.0,0.0,32.0,624.0
341.0,83.0,0.0,33.0,624.0
342.0,83.0,0.0,33.0,624.0
343.0,83.0,0.0,35.0,622.0
344.0,83.0,0.0,25.0,632.0
345.0,84.0,0.0,30.0,626.0
346.0,83.0,1.0,28.0,628.0
347.0,84.0,0.0,27.0,629.0
348.0,84.0,0.0,25.0,631.0
349.0,83.0,0.0,32.0,625.0
350.0,83.0,0.0,31.0,626.0
351.0,83.0,0.0,37.0,620.0
352.0,84.0,0.0,15.0,641.0
353.0,84.0,0.0,33.0,623.0
354.0,86.0,0.0,35.0,619.0
355.0,85.0,0.0,24.0,631.0
356.0,85.0,1.0,33.0,621.0
357.0,85.0,0.0,29.0,626.0
358.0,85.0,0.0,32.0,623.0
359.0,85.0,0.0,31.0,624.0
360.0,85.0,0.0,30.0,625.0
361.0,85.0,1.0,27.0,627.0
362.0,86.0,0.0,35.0,619.0
363.0,86.0,0.0,25.0,629.0
364.0,88.0,0.0,26.0,626.0
365.0,87.0,1.0,20.0,632.0
366.0,88.0,0.0,36.0,616.0
367.0,88.0,0.0,24.0,628.0
368.0,89.0,0.0,26.0,625.0
369.0,88.0,0.0,22.0,630.0
370.0,88.0,0.0,26.0,626.0
371.0,88.0,0.0,27.0,625.0
372.0,89.0,0.0,27.0,624.0
373.0,89.0,1.0,26.0,624.0
374.0,89.0,0.0,23.0,628.0
375.0,89.0,0.0,27.0,624.0
376.0,90.0,0.0,22.0,628.0
377.0,89.0,0.0,35.0,616.0
378.0,89.0,0.0,26.0,625.0
379.0,89.0,1.0,27.0,623.0
380.0,89.0,0.0,26.0,625.0
381.0,90.0,0.0,23.0,627.0
382.0,89.0,0.0,30.0,621.0
383.0,89.0,0.0,27.0,624.0
384.0,90.0,0.0,28.0,622.0
385.0,90.0,0.0,34.0,616.0
386.0,90.0,0.0,22.0,628.0
387.0,91.0,0.0,30.0,619.0
388.0,91.0,0.0,23.0,626.0
389.0,91.0,0.0,23.0,626.0
390.0,91.0,0.0,30.0,619.0
391.0,91.0,0.0,24.0,625.0
392.0,91.0,0.0,34.0,615.0
393.0,91.0,0.0,22.0,627.0
394.0,91.0,0.0,25.0,624.0
395.0,91.0,0.0,25.0,624.0
396.0,91.0,0.0,23.0,626.0
397.0,91.0,1.0,24.0,624.0
398.0,91.0,0.0,26.0,623.0
399.0,91.0,0.0,36.0,613.0
400.0,91.0,0.0,28.0,621.0
401.0,91.0,0.0,20.0,629.0
402.0,91.0,0.0,19.0,630.0
403.0,91.0,0.0,23.0,626.0
404.0,91.0,0.0,29.0,620.0
405.0,91.0,0.0,23.0,626.0
406.0,91.0,0.0,24.0,625.0
407.0,91.0,0.0,23.0,626.0
408.0,91.0,0.0,21.0,628.0
409.0,91.0,0.0,17.0,632.0
410.0,91.0,1.0,23.0,625.0
411.0,91.0,0.0,29.0,620.0
412.0,91.0,1.0,17.0,631.0
413.0,91.0,0.0,32.0,617.0
414.0,91.0,0.0,20.0,629.0
415.0,91.0,0.0,19.0,630.0
416.0,91.0,0.0,20.0,629.0
417.0,91.0,0.0,22.0,627.0
418.0,91.0,0.0,17.0,632.0
419.0,91.0,0.0,18.0,631.0
420.0,91.0,0.0,25.0,624.0
421.0,91.0,0.0,34.0,615.0
422.0,91.0,0.0,21.0,628.0
423.0,91.0,0.0,27.0,622.0
424.0,91.0,0.0,25.0,624.0
425.0,91.0,0.0,17.0,632.0
426.0,91.0,0.0,21.0,628.0
427.0,91.0,0.0,29.0,620.0
428.0,92.0,0.0,21.0,627.0
429.0,92.0,0.0,20.0,628.0
430.0,92.0,0.0,29.0,619.0
431.0,92.0,0.0,12.0,636.0
432.0,92.0,0.0,25.0,623.0
433.0,92.0,0.0,24.0,624.0
434.0,93.0,0.0,20.0,627.0
435.0,93.0,0.0,16.0,631.0
436.0,93.0,0.0,22.0,625.0
437.0,93.0,0.0,17.0,630.0
438.0,94.0,0.0,18.0,628.0
439.0,94.0,0.0,20.0,626.0
440.0,94.0,0.0,14.0,632.0
441.0,94.0,0.0,27.0,619.0
442.0,94.0,0.0,14.0,632.0
443.0,94.0,0.0,23.0,623.0
444.0,94.0,0.0,14.0,632.0
445.0,94.0,0.0,21.0,625.0
446.0,94.0,0.0,20.0,626.0
447.0,94.0,0.0,27.0,619.0
448.0,94.0,0.0,14.0,632.0
449.0,94.0,0.0,20.0,626.0
450.0,95.0,0.0,22.0,623.0
451.0,94.0,0.0,22.0,624.0
452.0,94.0,0.0,16.0,630.0
453.0,94.0,0.0,22.0,624.0
454.0,94.0,0.0,24.0,622.0
455.0,94.0,0.0,10.0,636.0
456.0,94.0,0.0,13.0,633.0
457.0,94.0,0.0,23.0,623.0
458.0,94.0,0.0,23.0,623.0
459.0,94.0,0.0,24.0,622.0
460.0,94.0,0.0,22.0,624.0
461.0,94.0,0.0,20.0,626.0
462.0,94.0,0.0,22.0,624.0
463.0,94.0,0.0,17.0,629.0
464.0,94.0,0.0,18.0,628.0
465.0,94.0,0.0,21.0,625.0
466.0,94.0,0.0,15.0,631.0
467.0,94.0,0.0,15.0,631.0
468.0,94.0,0.0,11.0,635.0
469.0,94.0,0.0,18.0,628.0
470.0,94.0,0.0,18.0,628.0
471.0,94.0,0.0,16.0,630.0
472.0,94.0,0.0,19.0,627.0
473.0,94.0,0.0,14.0,632.0
474.0,94.0,0.0,19.0,627.0
475.0,94.0,0.0,22.0,624.0
476.0,94.0,0.0,16.0,630.0
477.0,95.0,0.0,15.0,630.0
478.0,95.0,0.0,24.0,621.0
479.0,95.0,0.0,16.0,629.0
480.0,95.0,0.0,14.0,631.0
481.0,95.0,0.0,16.0,629.0
482.0,95.0,0.0,14.0,631.0
483.0,96.0,0.0,11.0,633.0
484.0,96.0,0.0,21.0,623.0
485.0,96.0,0.0,16.0,628.0
486.0,96.0,0.0,23.0,621.0
487.0,96.0,0.0,16.0,628.0
488.0,96.0,0.0,22.0,622.0
489.0,96.0,0.0,14.0,630.0
490.0,96.0,0.0,15.0,629.0
491.0,96.0,0.0,15.0,629.0
492.0,96.0,0.0,18.0,626.0
493.0,96.0,0.0,17.0,627.0
494.0,96.0,0.0,16.0,628.0
495.0,96.0,0.0,18.0,626.0
496.0,96.0,0.0,20.0,624.0
497.0,96.0,0.0,13.0,631.0
498.0,96.0,0.0,14.0,630.0
499.0,96.0,0.0,22.0,622.0
500.0,96.0,0.0,15.0,629.0
501.0,96.0,0.0,14.0,630.0
502.0,96.0,0.0,18.0,626.0
503.0,97.0,0.0,13.0,630.0
504.0,97.0,0.0,12.0,631.0
505.0,97.0,0.0,16.0,627.0
506.0,97.0,1.0,10.0,632.0
507.0,97.0,0.0,15.0,628.0
508.0,97.0,0.0,11.0,632.0
509.0,97.0,0.0,12.0,631.0
510.0,97.0,0.0,17.0,626.0
511.0,97.0,0.0,7.0,636.0
512.0,97.0,0.0,19.0,624.0
513.0,97.0,0.0,9.0,634.0
514.0,97.0,0.0,18.0,625.0
515.0,97.0,0.0,14.0,629.0
516.0,97.0,0.0,12.0,631.0
517.0,97.0,0.0,17.0,626.0
518.0,97.0,0.0,13.0,630.0
519.0,97.0,0.0,8.0,635.0
520.0,97.0,0.0,16.0,627.0
521.0,97.0,0.0,13.0,630.0
522.0,97.0,0.0,11.0,632.0
523.0,97.0,0.0,13.0,630.0
524.0,97.0,0.0,14.0,629.0
525.0,97.0,0.0,14.0,629.0
526.0,97.0,0.0,16.0,627.0
527.0,97.0,0.0,14.0,629.0
528.0,97.0,0.0,12.0,631.0
529.0,97.0,0.0,15.0,628.0
530.0,97.0,0.0,20.0,623.0
531.0,97.0,0.0,10.0,633.0
532.0,97.0,0.0,20.0,623.0
533.0,97.0,0.0,11.0,632.0
534.0,97.0,0.0,12.0,631.0
535.0,97.0,0.0,14.0,629.0
536.0,97.0,0.0,13.0,630.0
537.0,97.0,0.0,14.0,629.0
538.0,97.0,0.0,13.0,630.0
539.0,97.0,0.0,19.0,624.0
540.0,97.0,0.0,11.0,632.0
541.0,97.0,0.0,17.0,626.0
542.0,97.0,0.0,16.0,627.0
543.0,97.0,0.0,15.0,628.0
544.0,97.0,0.0,17.0,626.0
545.0,97.0,0.0,16.0,627.0
546.0,97.0,0.0,12.0,631.0
547.0,97.0,1.0,10.0,632.0
548.0,97.0,0.0,12.0,631.0
549.0,97.0,0.0,15.0,628.0
550.0,97.0,0.0,8.0,635.0
551.0,97.0,0.0,16.0,627.0
552.0,97.0,0.0,8.0,635.0
553.0,97.0,0.0,10.0,633.0
554.0,97.0,0.0,14.0,629.0
555.0,97.0,0.0,11.0,632.0
556.0,97.0,0.0,11.0,632.0
557.0,97.0,0.0,13.0,630.0
558.0,97.0,0.0,11.0,632.0
559.0,97.0,0.0,8.0,635.0
560.0,98.0,0.0,9.0,633.0
561.0,98.0,0.0,14.0,628.0
562.0,98.0,0.0,9.0,633.0
563.0,98.0,0.0,12.0,630.0
