"tick","Scooters","Cyclists","Non-Active Travellers","Pedestrians"
1.0,30.0,70.0,520.0,120.0
2.0,30.0,70.0,520.0,120.0
3.0,30.0,70.0,520.0,120.0
4.0,30.0,70.0,520.0,120.0
5.0,30.0,70.0,520.0,120.0
6.0,30.0,70.0,520.0,120.0
7.0,30.0,70.0,520.0,120.0
8.0,30.0,70.0,520.0,120.0
9.0,30.0,70.0,520.0,120.0
10.0,30.0,70.0,520.0,120.0
11.0,30.0,70.0,520.0,120.0
12.0,30.0,70.0,520.0,120.0
13.0,30.0,70.0,520.0,120.0
14.0,30.0,70.0,520.0,120.0
15.0,30.0,70.0,520.0,120.0
16.0,30.0,70.0,520.0,120.0
17.0,30.0,70.0,520.0,120.0
18.0,30.0,70.0,520.0,120.0
19.0,30.0,70.0,520.0,120.0
20.0,30.0,70.0,520.0,120.0
21.0,30.0,70.0,520.0,120.0
22.0,30.0,70.0,520.0,120.0
23.0,30.0,70.0,520.0,120.0
24.0,30.0,70.0,520.0,120.0
25.0,30.0,70.0,520.0,120.0
26.0,30.0,70.0,520.0,120.0
27.0,30.0,70.0,520.0,120.0
28.0,30.0,70.0,520.0,120.0
29.0,30.0,70.0,520.0,120.0
30.0,30.0,70.0,520.0,120.0
31.0,32.0,72.0,514.0,122.0
32.0,32.0,72.0,514.0,122.0
33.0,32.0,72.0,514.0,122.0
34.0,32.0,72.0,514.0,122.0
35.0,33.0,74.0,506.0,127.0
36.0,33.0,74.0,506.0,127.0
37.0,33.0,74.0,506.0,127.0
38.0,33.0,74.0,506.0,127.0
39.0,33.0,74.0,506.0,127.0
40.0,34.0,74.0,505.0,127.0
41.0,34.0,76.0,501.0,129.0
42.0,35.0,76.0,499.0,130.0
43.0,37.0,81.0,490.0,132.0
44.0,37.0,81.0,490.0,132.0
45.0,37.0,81.0,489.0,133.0
46.0,38.0,83.0,485.0,134.0
47.0,38.0,83.0,485.0,134.0
48.0,39.0,86.0,480.0,135.0
49.0,39.0,86.0,480.0,135.0
50.0,39.0,86.0,480.0,135.0
51.0,39.0,86.0,480.0,135.0
52.0,40.0,86.0,479.0,135.0
53.0,41.0,87.0,474.0,138.0
54.0,43.0,88.0,470.0,139.0
55.0,43.0,88.0,470.0,139.0
56.0,44.0,92.0,462.0,142.0
57.0,44.0,92.0,462.0,142.0
58.0,48.0,94.0,450.0,148.0
59.0,48.0,94.0,449.0,149.0
60.0,49.0,97.0,445.0,149.0
61.0,49.0,97.0,445.0,149.0
62.0,50.0,99.0,440.0,151.0
63.0,50.0,100.0,438.0,152.0
64.0,51.0,101.0,436.0,152.0
65.0,51.0,101.0,436.0,152.0
66.0,51.0,101.0,436.0,152.0
67.0,52.0,103.0,433.0,152.0
68.0,52.0,103.0,433.0,152.0
69.0,53.0,103.0,430.0,154.0
70.0,53.0,103.0,429.0,155.0
71.0,53.0,104.0,428.0,155.0
72.0,53.0,105.0,427.0,155.0
73.0,53.0,105.0,427.0,155.0
74.0,53.0,105.0,427.0,155.0
75.0,55.0,107.0,422.0,156.0
76.0,55.0,107.0,422.0,156.0
77.0,55.0,107.0,421.0,157.0
78.0,55.0,107.0,421.0,157.0
79.0,59.0,107.0,416.0,158.0
80.0,59.0,108.0,407.0,166.0
81.0,61.0,110.0,401.0,168.0
82.0,61.0,110.0,400.0,169.0
83.0,61.0,110.0,400.0,169.0
84.0,61.0,110.0,399.0,170.0
85.0,65.0,113.0,388.0,174.0
86.0,65.0,113.0,388.0,174.0
87.0,66.0,114.0,385.0,175.0
88.0,66.0,114.0,384.0,176.0
89.0,66.0,114.0,384.0,176.0
90.0,66.0,114.0,384.0,176.0
91.0,66.0,114.0,384.0,176.0
92.0,68.0,115.0,380.0,177.0
93.0,68.0,115.0,380.0,177.0
94.0,68.0,115.0,380.0,177.0
95.0,68.0,115.0,380.0,177.0
96.0,69.0,115.0,378.0,178.0
97.0,70.0,118.0,373.0,179.0
98.0,71.0,123.0,364.0,182.0
99.0,71.0,123.0,364.0,182.0
100.0,73.0,125.0,359.0,183.0
101.0,76.0,125.0,354.0,185.0
102.0,76.0,125.0,353.0,186.0
103.0,76.0,125.0,350.0,189.0
104.0,76.0,126.0,348.0,190.0
105.0,76.0,126.0,348.0,190.0
106.0,77.0,126.0,346.0,191.0
107.0,78.0,126.0,345.0,191.0
108.0,79.0,126.0,343.0,192.0
109.0,79.0,126.0,343.0,192.0
110.0,80.0,127.0,336.0,197.0
111.0,80.0,127.0,336.0,197.0
112.0,80.0,127.0,336.0,197.0
113.0,80.0,127.0,336.0,197.0
114.0,84.0,130.0,324.0,202.0
115.0,84.0,132.0,321.0,203.0
116.0,85.0,132.0,319.0,204.0
117.0,89.0,133.0,313.0,205.0
118.0,89.0,133.0,313.0,205.0
119.0,89.0,133.0,313.0,205.0
120.0,89.0,133.0,310.0,208.0
121.0,89.0,133.0,310.0,208.0
122.0,91.0,135.0,304.0,210.0
123.0,92.0,136.0,302.0,210.0
124.0,93.0,137.0,300.0,210.0
125.0,93.0,137.0,300.0,210.0
126.0,93.0,137.0,300.0,210.0
127.0,93.0,137.0,299.0,211.0
128.0,93.0,137.0,299.0,211.0
129.0,93.0,138.0,297.0,212.0
130.0,95.0,139.0,291.0,215.0
131.0,95.0,139.0,291.0,215.0
132.0,95.0,139.0,291.0,215.0
133.0,95.0,139.0,291.0,215.0
134.0,95.0,139.0,291.0,215.0
135.0,95.0,141.0,286.0,218.0
136.0,95.0,141.0,286.0,218.0
137.0,95.0,142.0,285.0,218.0
138.0,95.0,142.0,285.0,218.0
139.0,95.0,142.0,285.0,218.0
140.0,96.0,143.0,282.0,219.0
141.0,96.0,143.0,282.0,219.0
142.0,96.0,144.0,281.0,219.0
143.0,97.0,146.0,277.0,220.0
144.0,97.0,146.0,277.0,220.0
145.0,97.0,146.0,277.0,220.0
146.0,97.0,147.0,276.0,220.0
147.0,97.0,147.0,275.0,221.0
148.0,97.0,147.0,275.0,221.0
149.0,98.0,147.0,273.0,222.0
150.0,98.0,147.0,273.0,222.0
151.0,98.0,149.0,268.0,225.0
152.0,98.0,149.0,268.0,225.0
153.0,98.0,152.0,262.0,228.0
154.0,99.0,152.0,261.0,228.0
155.0,99.0,152.0,261.0,228.0
156.0,100.0,153.0,258.0,229.0
157.0,100.0,153.0,258.0,229.0
158.0,100.0,158.0,251.0,231.0
159.0,100.0,158.0,251.0,231.0
160.0,101.0,160.0,247.0,232.0
161.0,101.0,160.0,247.0,232.0
162.0,101.0,160.0,247.0,232.0
163.0,101.0,160.0,247.0,232.0
164.0,101.0,162.0,244.0,233.0
165.0,104.0,164.0,237.0,235.0
166.0,104.0,165.0,235.0,236.0
167.0,104.0,165.0,235.0,236.0
168.0,104.0,168.0,232.0,236.0
169.0,105.0,168.0,230.0,237.0
170.0,105.0,168.0,230.0,237.0
171.0,105.0,168.0,230.0,237.0
172.0,105.0,169.0,229.0,237.0
173.0,105.0,169.0,229.0,237.0
174.0,108.0,169.0,224.0,239.0
175.0,108.0,169.0,224.0,239.0
176.0,111.0,171.0,215.0,243.0
177.0,111.0,171.0,213.0,245.0
178.0,111.0,171.0,213.0,245.0
179.0,112.0,171.0,212.0,245.0
180.0,112.0,171.0,212.0,245.0
181.0,112.0,171.0,212.0,245.0
182.0,112.0,171.0,212.0,245.0
183.0,112.0,171.0,212.0,245.0
184.0,112.0,171.0,212.0,245.0
185.0,112.0,172.0,211.0,245.0
186.0,112.0,172.0,210.0,246.0
187.0,112.0,172.0,210.0,246.0
188.0,112.0,172.0,210.0,246.0
189.0,112.0,172.0,210.0,246.0
190.0,112.0,172.0,210.0,246.0
191.0,113.0,172.0,209.0,246.0
192.0,113.0,172.0,209.0,246.0
193.0,113.0,174.0,205.0,248.0
194.0,113.0,174.0,205.0,248.0
195.0,114.0,175.0,201.0,250.0
196.0,114.0,175.0,201.0,250.0
197.0,114.0,175.0,201.0,250.0
198.0,116.0,177.0,196.0,251.0
199.0,116.0,177.0,196.0,251.0
200.0,117.0,178.0,193.0,252.0
201.0,117.0,178.0,193.0,252.0
202.0,119.0,179.0,188.0,254.0
203.0,119.0,179.0,188.0,254.0
204.0,119.0,181.0,185.0,255.0
205.0,119.0,181.0,185.0,255.0
206.0,119.0,181.0,185.0,255.0
207.0,119.0,181.0,185.0,255.0
208.0,119.0,181.0,185.0,255.0
209.0,119.0,181.0,185.0,255.0
210.0,119.0,182.0,183.0,256.0
211.0,120.0,182.0,180.0,258.0
212.0,120.0,182.0,180.0,258.0
213.0,122.0,185.0,174.0,259.0
214.0,122.0,185.0,174.0,259.0
215.0,122.0,186.0,172.0,260.0
216.0,122.0,186.0,172.0,260.0
217.0,122.0,186.0,172.0,260.0
218.0,122.0,186.0,172.0,260.0
219.0,122.0,187.0,171.0,260.0
220.0,122.0,187.0,171.0,260.0
221.0,122.0,187.0,171.0,260.0
222.0,122.0,187.0,171.0,260.0
223.0,122.0,187.0,171.0,260.0
224.0,122.0,187.0,171.0,260.0
225.0,122.0,187.0,171.0,260.0
226.0,122.0,187.0,171.0,260.0
227.0,122.0,187.0,171.0,260.0
228.0,122.0,187.0,171.0,260.0
229.0,122.0,187.0,171.0,260.0
230.0,122.0,187.0,171.0,260.0
231.0,122.0,187.0,171.0,260.0
232.0,122.0,187.0,171.0,260.0
233.0,124.0,189.0,167.0,260.0
234.0,125.0,189.0,166.0,260.0
235.0,125.0,189.0,166.0,260.0
236.0,125.0,189.0,166.0,260.0
237.0,125.0,189.0,166.0,260.0
238.0,125.0,192.0,163.0,260.0
239.0,125.0,192.0,163.0,260.0
240.0,126.0,192.0,161.0,261.0
241.0,126.0,192.0,161.0,261.0
242.0,127.0,192.0,160.0,261.0
243.0,127.0,192.0,159.0,262.0
244.0,127.0,192.0,157.0,264.0
245.0,127.0,193.0,156.0,264.0
246.0,127.0,193.0,156.0,264.0
247.0,129.0,194.0,153.0,264.0
248.0,129.0,194.0,151.0,266.0
249.0,129.0,194.0,151.0,266.0
250.0,130.0,194.0,149.0,267.0
251.0,130.0,195.0,147.0,268.0
252.0,130.0,195.0,147.0,268.0
253.0,130.0,195.0,147.0,268.0
254.0,131.0,198.0,143.0,268.0
255.0,131.0,198.0,143.0,268.0
256.0,131.0,198.0,143.0,268.0
257.0,131.0,198.0,143.0,268.0
258.0,133.0,198.0,139.0,270.0
259.0,133.0,198.0,139.0,270.0
260.0,133.0,198.0,139.0,270.0
261.0,133.0,201.0,135.0,271.0
262.0,133.0,202.0,133.0,272.0
263.0,133.0,202.0,133.0,272.0
264.0,133.0,202.0,133.0,272.0
265.0,133.0,202.0,133.0,272.0
266.0,134.0,202.0,131.0,273.0
267.0,134.0,202.0,131.0,273.0
268.0,134.0,202.0,131.0,273.0
269.0,135.0,203.0,129.0,273.0
270.0,135.0,203.0,129.0,273.0
271.0,136.0,203.0,128.0,273.0
272.0,137.0,204.0,125.0,274.0
273.0,137.0,204.0,125.0,274.0
274.0,137.0,204.0,125.0,274.0
275.0,138.0,205.0,121.0,276.0
276.0,138.0,205.0,121.0,276.0
277.0,138.0,206.0,120.0,276.0
278.0,138.0,206.0,120.0,276.0
279.0,138.0,207.0,119.0,276.0
280.0,138.0,207.0,119.0,276.0
281.0,138.0,207.0,119.0,276.0
282.0,138.0,207.0,119.0,276.0
283.0,138.0,207.0,118.0,277.0
284.0,138.0,208.0,117.0,277.0
285.0,138.0,209.0,116.0,277.0
286.0,138.0,209.0,115.0,278.0
287.0,138.0,209.0,114.0,279.0
288.0,138.0,210.0,113.0,279.0
289.0,139.0,210.0,112.0,279.0
290.0,139.0,210.0,112.0,279.0
291.0,139.0,210.0,112.0,279.0
292.0,139.0,210.0,112.0,279.0
293.0,139.0,211.0,111.0,279.0
294.0,139.0,211.0,111.0,279.0
295.0,139.0,211.0,111.0,279.0
296.0,139.0,211.0,111.0,279.0
297.0,139.0,212.0,110.0,279.0
298.0,139.0,212.0,110.0,279.0
299.0,139.0,212.0,110.0,279.0
300.0,139.0,212.0,110.0,279.0
301.0,139.0,212.0,110.0,279.0
302.0,139.0,212.0,110.0,279.0
303.0,139.0,212.0,110.0,279.0
304.0,140.0,213.0,108.0,279.0
305.0,140.0,213.0,108.0,279.0
306.0,140.0,213.0,108.0,279.0
307.0,140.0,213.0,108.0,279.0
308.0,140.0,214.0,107.0,279.0
309.0,140.0,214.0,106.0,280.0
310.0,140.0,214.0,105.0,281.0
311.0,140.0,214.0,105.0,281.0
312.0,141.0,214.0,104.0,281.0
313.0,141.0,214.0,104.0,281.0
314.0,141.0,214.0,103.0,282.0
315.0,141.0,214.0,103.0,282.0
316.0,141.0,214.0,103.0,282.0
317.0,141.0,214.0,103.0,282.0
318.0,142.0,214.0,100.0,284.0
319.0,142.0,214.0,99.0,285.0
320.0,142.0,214.0,99.0,285.0
321.0,142.0,214.0,99.0,285.0
322.0,142.0,214.0,99.0,285.0
323.0,142.0,214.0,99.0,285.0
324.0,142.0,214.0,99.0,285.0
325.0,142.0,214.0,99.0,285.0
326.0,142.0,214.0,99.0,285.0
327.0,142.0,214.0,99.0,285.0
328.0,142.0,214.0,99.0,285.0
329.0,142.0,214.0,98.0,286.0
330.0,142.0,214.0,98.0,286.0
331.0,143.0,214.0,97.0,286.0
332.0,143.0,214.0,97.0,286.0
333.0,143.0,214.0,97.0,286.0
334.0,143.0,216.0,95.0,286.0
335.0,143.0,216.0,95.0,286.0
336.0,143.0,216.0,95.0,286.0
337.0,143.0,216.0,95.0,286.0
338.0,143.0,216.0,95.0,286.0
339.0,143.0,216.0,95.0,286.0
340.0,143.0,216.0,95.0,286.0
341.0,143.0,216.0,95.0,286.0
342.0,143.0,216.0,95.0,286.0
343.0,143.0,216.0,94.0,287.0
344.0,143.0,217.0,93.0,287.0
345.0,143.0,217.0,93.0,287.0
346.0,143.0,217.0,93.0,287.0
347.0,143.0,217.0,93.0,287.0
348.0,143.0,217.0,93.0,287.0
349.0,144.0,217.0,92.0,287.0
350.0,144.0,217.0,92.0,287.0
351.0,144.0,217.0,92.0,287.0
352.0,144.0,217.0,91.0,288.0
353.0,144.0,217.0,91.0,288.0
354.0,145.0,217.0,90.0,288.0
355.0,145.0,217.0,90.0,288.0
356.0,145.0,217.0,90.0,288.0
357.0,145.0,217.0,89.0,289.0
358.0,145.0,217.0,89.0,289.0
359.0,145.0,217.0,89.0,289.0
360.0,145.0,217.0,89.0,289.0
361.0,145.0,217.0,89.0,289.0
362.0,145.0,218.0,88.0,289.0
363.0,145.0,218.0,88.0,289.0
364.0,145.0,219.0,86.0,290.0
365.0,146.0,219.0,85.0,290.0
366.0,146.0,219.0,84.0,291.0
367.0,146.0,220.0,83.0,291.0
368.0,146.0,220.0,83.0,291.0
369.0,146.0,220.0,83.0,291.0
370.0,146.0,220.0,82.0,292.0
371.0,146.0,221.0,81.0,292.0
372.0,146.0,221.0,80.0,293.0
373.0,146.0,221.0,79.0,294.0
374.0,146.0,222.0,78.0,294.0
375.0,146.0,222.0,78.0,294.0
376.0,146.0,222.0,78.0,294.0
377.0,146.0,222.0,78.0,294.0
378.0,146.0,222.0,78.0,294.0
379.0,146.0,222.0,78.0,294.0
380.0,146.0,222.0,78.0,294.0
381.0,146.0,222.0,78.0,294.0
382.0,146.0,222.0,78.0,294.0
383.0,146.0,222.0,78.0,294.0
384.0,146.0,222.0,77.0,295.0
385.0,146.0,222.0,77.0,295.0
386.0,147.0,222.0,76.0,295.0
387.0,147.0,222.0,75.0,296.0
388.0,147.0,222.0,75.0,296.0
389.0,147.0,222.0,75.0,296.0
390.0,147.0,222.0,75.0,296.0
391.0,147.0,222.0,74.0,297.0
392.0,147.0,222.0,74.0,297.0
393.0,147.0,222.0,74.0,297.0
394.0,147.0,222.0,74.0,297.0
395.0,147.0,222.0,74.0,297.0
396.0,147.0,222.0,74.0,297.0
397.0,147.0,222.0,74.0,297.0
398.0,148.0,222.0,73.0,297.0
399.0,149.0,222.0,72.0,297.0
400.0,149.0,222.0,72.0,297.0
401.0,149.0,222.0,72.0,297.0
402.0,149.0,222.0,72.0,297.0
403.0,149.0,222.0,72.0,297.0
404.0,149.0,222.0,72.0,297.0
405.0,149.0,222.0,72.0,297.0
406.0,149.0,222.0,72.0,297.0
407.0,149.0,222.0,72.0,297.0
408.0,149.0,222.0,72.0,297.0
409.0,149.0,222.0,72.0,297.0
410.0,150.0,222.0,70.0,298.0
411.0,150.0,222.0,70.0,298.0
412.0,150.0,222.0,70.0,298.0
413.0,150.0,222.0,70.0,298.0
414.0,151.0,222.0,69.0,298.0
415.0,151.0,222.0,69.0,298.0
416.0,151.0,222.0,69.0,298.0
417.0,151.0,222.0,69.0,298.0
418.0,151.0,222.0,69.0,298.0
419.0,151.0,222.0,69.0,298.0
420.0,151.0,222.0,69.0,298.0
421.0,151.0,222.0,69.0,298.0
422.0,151.0,222.0,69.0,298.0
423.0,151.0,222.0,69.0,298.0
424.0,151.0,222.0,69.0,298.0
425.0,151.0,222.0,69.0,298.0
426.0,151.0,222.0,69.0,298.0
427.0,151.0,222.0,69.0,298.0
428.0,151.0,223.0,68.0,298.0
429.0,151.0,223.0,66.0,300.0
430.0,151.0,223.0,65.0,301.0
431.0,151.0,223.0,63.0,303.0
432.0,151.0,223.0,63.0,303.0
433.0,151.0,223.0,63.0,303.0
434.0,151.0,223.0,62.0,304.0
435.0,151.0,223.0,62.0,304.0
436.0,151.0,223.0,62.0,304.0
437.0,151.0,223.0,62.0,304.0
438.0,151.0,223.0,60.0,306.0
439.0,151.0,225.0,58.0,306.0
440.0,151.0,225.0,58.0,306.0
441.0,151.0,225.0,58.0,306.0
442.0,151.0,226.0,57.0,306.0
443.0,151.0,226.0,57.0,306.0
444.0,151.0,226.0,57.0,306.0
445.0,152.0,226.0,56.0,306.0
446.0,152.0,226.0,56.0,306.0
447.0,152.0,226.0,56.0,306.0
448.0,152.0,226.0,56.0,306.0
449.0,152.0,226.0,56.0,306.0
450.0,152.0,226.0,56.0,306.0
451.0,152.0,226.0,56.0,306.0
452.0,152.0,227.0,55.0,306.0
453.0,152.0,227.0,55.0,306.0
454.0,152.0,227.0,55.0,306.0
455.0,152.0,227.0,55.0,306.0
456.0,152.0,227.0,55.0,306.0
457.0,152.0,227.0,55.0,306.0
458.0,152.0,227.0,55.0,306.0
459.0,152.0,227.0,55.0,306.0
460.0,152.0,227.0,55.0,306.0
461.0,152.0,227.0,55.0,306.0
462.0,152.0,227.0,55.0,306.0
463.0,152.0,227.0,55.0,306.0
464.0,152.0,227.0,55.0,306.0
465.0,152.0,227.0,55.0,306.0
466.0,152.0,227.0,55.0,306.0
467.0,153.0,227.0,54.0,306.0
468.0,153.0,227.0,54.0,306.0
469.0,153.0,227.0,54.0,306.0
470.0,155.0,227.0,52.0,306.0
471.0,155.0,227.0,52.0,306.0
472.0,155.0,227.0,51.0,307.0
473.0,155.0,227.0,51.0,307.0
474.0,155.0,227.0,51.0,307.0
475.0,156.0,227.0,50.0,307.0
476.0,156.0,227.0,50.0,307.0
477.0,156.0,227.0,49.0,308.0
478.0,156.0,227.0,49.0,308.0
479.0,156.0,227.0,49.0,308.0
480.0,156.0,227.0,49.0,308.0
481.0,156.0,227.0,49.0,308.0
482.0,156.0,227.0,49.0,308.0
483.0,156.0,227.0,48.0,309.0
484.0,156.0,227.0,48.0,309.0
485.0,156.0,227.0,48.0,309.0
486.0,156.0,228.0,47.0,309.0
487.0,156.0,228.0,47.0,309.0
488.0,156.0,228.0,47.0,309.0
489.0,156.0,228.0,47.0,309.0
490.0,156.0,228.0,47.0,309.0
491.0,156.0,228.0,47.0,309.0
492.0,156.0,228.0,47.0,309.0
493.0,156.0,229.0,46.0,309.0
494.0,156.0,229.0,46.0,309.0
495.0,156.0,229.0,46.0,309.0
496.0,156.0,229.0,46.0,309.0
497.0,156.0,229.0,46.0,309.0
498.0,156.0,229.0,45.0,310.0
499.0,157.0,229.0,44.0,310.0
500.0,157.0,229.0,43.0,311.0
501.0,157.0,229.0,43.0,311.0
502.0,157.0,229.0,43.0,311.0
503.0,158.0,229.0,42.0,311.0
504.0,158.0,229.0,42.0,311.0
505.0,158.0,229.0,42.0,311.0
506.0,158.0,229.0,42.0,311.0
507.0,158.0,229.0,42.0,311.0
508.0,158.0,229.0,42.0,311.0
509.0,158.0,229.0,42.0,311.0
510.0,158.0,229.0,42.0,311.0
511.0,158.0,229.0,42.0,311.0
512.0,158.0,229.0,42.0,311.0
513.0,158.0,229.0,42.0,311.0
514.0,158.0,229.0,42.0,311.0
515.0,158.0,229.0,42.0,311.0
516.0,158.0,229.0,42.0,311.0
517.0,158.0,229.0,42.0,311.0
518.0,158.0,230.0,41.0,311.0
519.0,158.0,230.0,41.0,311.0
520.0,158.0,230.0,41.0,311.0
521.0,158.0,230.0,41.0,311.0
522.0,158.0,230.0,41.0,311.0
523.0,158.0,230.0,41.0,311.0
524.0,158.0,230.0,41.0,311.0
525.0,158.0,230.0,41.0,311.0
526.0,158.0,230.0,41.0,311.0
527.0,158.0,230.0,41.0,311.0
528.0,158.0,230.0,41.0,311.0
529.0,158.0,230.0,41.0,311.0
530.0,158.0,230.0,41.0,311.0
531.0,158.0,230.0,41.0,311.0
532.0,158.0,230.0,41.0,311.0
533.0,158.0,230.0,41.0,311.0
534.0,158.0,230.0,41.0,311.0
535.0,158.0,230.0,41.0,311.0
536.0,158.0,230.0,41.0,311.0
537.0,158.0,230.0,41.0,311.0
538.0,158.0,230.0,41.0,311.0
539.0,158.0,230.0,41.0,311.0
540.0,158.0,230.0,41.0,311.0
541.0,158.0,230.0,41.0,311.0
542.0,158.0,230.0,41.0,311.0
543.0,158.0,232.0,39.0,311.0
544.0,158.0,232.0,39.0,311.0
545.0,158.0,232.0,39.0,311.0
546.0,158.0,232.0,38.0,312.0
547.0,158.0,232.0,38.0,312.0
548.0,158.0,232.0,38.0,312.0
549.0,158.0,232.0,38.0,312.0
550.0,158.0,233.0,36.0,313.0
551.0,158.0,233.0,36.0,313.0
552.0,158.0,233.0,36.0,313.0
553.0,158.0,233.0,36.0,313.0
554.0,158.0,233.0,36.0,313.0
555.0,158.0,233.0,35.0,314.0
556.0,158.0,233.0,35.0,314.0
557.0,158.0,233.0,35.0,314.0
558.0,158.0,233.0,35.0,314.0
559.0,158.0,233.0,35.0,314.0
560.0,158.0,234.0,34.0,314.0
561.0,158.0,234.0,34.0,314.0
562.0,158.0,234.0,34.0,314.0
563.0,158.0,234.0,34.0,314.0
