"tick","Scooters","Cyclists","Non-Active Travellers","Pedestrians"
1.0,30.0,70.0,520.0,120.0
2.0,30.0,70.0,520.0,120.0
3.0,30.0,70.0,520.0,120.0
4.0,30.0,70.0,520.0,120.0
5.0,30.0,70.0,520.0,120.0
6.0,30.0,70.0,520.0,120.0
7.0,30.0,70.0,520.0,120.0
8.0,30.0,70.0,520.0,120.0
9.0,30.0,70.0,520.0,120.0
10.0,30.0,70.0,520.0,120.0
11.0,30.0,70.0,520.0,120.0
12.0,30.0,70.0,520.0,120.0
13.0,30.0,70.0,520.0,120.0
14.0,30.0,70.0,520.0,120.0
15.0,30.0,70.0,520.0,120.0
16.0,30.0,70.0,520.0,120.0
17.0,30.0,70.0,520.0,120.0
18.0,30.0,70.0,520.0,120.0
19.0,30.0,70.0,520.0,120.0
20.0,30.0,70.0,520.0,120.0
21.0,30.0,70.0,520.0,120.0
22.0,30.0,70.0,520.0,120.0
23.0,30.0,70.0,520.0,120.0
24.0,30.0,70.0,520.0,120.0
25.0,30.0,70.0,520.0,120.0
26.0,30.0,70.0,520.0,120.0
27.0,30.0,70.0,520.0,120.0
28.0,30.0,70.0,520.0,120.0
29.0,30.0,70.0,520.0,120.0
30.0,30.0,70.0,520.0,120.0
31.0,30.0,70.0,520.0,120.0
32.0,30.0,70.0,520.0,120.0
33.0,30.0,70.0,520.0,120.0
34.0,30.0,70.0,520.0,120.0
35.0,30.0,70.0,520.0,120.0
36.0,30.0,70.0,520.0,120.0
37.0,30.0,70.0,519.0,121.0
38.0,30.0,70.0,519.0,121.0
39.0,30.0,70.0,519.0,121.0
40.0,30.0,70.0,519.0,121.0
41.0,30.0,70.0,519.0,121.0
42.0,30.0,70.0,519.0,121.0
43.0,30.0,70.0,519.0,121.0
44.0,30.0,70.0,519.0,121.0
45.0,30.0,70.0,519.0,121.0
46.0,30.0,70.0,518.0,122.0
47.0,30.0,70.0,518.0,122.0
48.0,30.0,70.0,518.0,122.0
49.0,30.0,70.0,518.0,122.0
50.0,30.0,70.0,518.0,122.0
51.0,30.0,70.0,518.0,122.0
52.0,30.0,70.0,518.0,122.0
53.0,30.0,70.0,518.0,122.0
54.0,30.0,70.0,518.0,122.0
55.0,30.0,70.0,518.0,122.0
56.0,30.0,70.0,518.0,122.0
57.0,30.0,70.0,518.0,122.0
58.0,30.0,70.0,518.0,122.0
